18:12:46.838 16  switches: flows/sec:  3390  3484  3414  3501  3422  3477  3356  3408  3430  3412  3381  3586  3436  3692  3540  3610   total = 55.538667 per ms 
18:12:47.938 16  switches: flows/sec:  7222  6890  7228  6886  7210  7172  7142  7156  7126  7154  7054  7030  6994  6962  6878  6938   total = 113.035896 per ms 
18:12:49.038 16  switches: flows/sec:  10510  10510  10470  10460  10412  10396  10402  10380  10338  10312  10260  10256  10230  10116  10130  10180   total = 165.359354 per ms 
18:12:50.138 16  switches: flows/sec:  11000  10988  10940  10982  10930  10970  10824  11010  10862  10900  10794  10752  10736  10688  10598  10650   total = 173.619833 per ms 
18:12:51.239 16  switches: flows/sec:  12677  12621  12587  12599  12441  12304  12156  12102  12028  11966  11855  11587  11700  11496  11316  11874   total = 193.295856 per ms 
18:12:52.339 16  switches: flows/sec:  10484  10528  10520  10452  10448  10444  10444  10434  10366  10386  10330  10312  10252  10230  10156  10210   total = 165.973925 per ms 
18:12:53.439 16  switches: flows/sec:  11148  11070  11030  11066  11030  11050  11050  10918  10908  10894  10802  10744  10740  10654  10590  10730   total = 174.403246 per ms 
18:12:54.539 16  switches: flows/sec:  11244  11402  11340  11422  11344  11280  11238  11284  11244  11004  11112  11142  10908  10954  10946  10978   total = 178.824475 per ms 
18:12:55.639 16  switches: flows/sec:  11464  11382  11412  11374  11311  11299  11242  11218  11178  11126  11092  11000  10978  10900  10844  10947   total = 178.765749 per ms 
18:12:56.740 16  switches: flows/sec:  10912  10918  10852  10848  10774  10818  10726  10622  10676  10652  10526  10580  10516  10416  10286  10428   total = 170.542496 per ms 
18:12:57.840 16  switches: flows/sec:  10640  10668  10624  10612  10598  10616  10554  10540  10490  10452  10418  10370  10376  10254  10274  10346   total = 167.809346 per ms 
18:12:58.940 16  switches: flows/sec:  10498  10516  10470  10460  10452  10438  10412  10386  10378  10328  10310  10334  10286  10272  10244  10280   total = 166.047063 per ms 
18:13:00.040 16  switches: flows/sec:  11440  11322  11344  11322  11306  11272  11266  11150  11096  11270  11004  11130  11180  11160  10996  11114   total = 179.368054 per ms 
18:13:01.140 16  switches: flows/sec:  12172  12162  12182  10898  10837  10795  10756  10746  10724  10626  10594  11798  11614  11546  11524  10458   total = 179.424285 per ms 
18:13:02.241 16  switches: flows/sec:  10398  10322  10356  10330  10338  10304  10284  10314  10294  10260  10240  10194  10200  10148  10084  10164   total = 164.225402 per ms 
18:13:03.341 16  switches: flows/sec:  11284  11254  11228  11312  11240  11264  11154  11134  11138  11066  11016  10956  10950  10892  10816  10798   total = 177.496498 per ms 


RESULT: 16 switches 12 tests min/max/avg/stdev = 165359.35/193295.86/174452.81/7783.58 responses/s
