17:56:36.939 16  switches: flows/sec:  628  624  627  632  628  616  614  614  614  612  611  606  607  609  611  608   total = 9.860990 per ms 
17:56:38.040 16  switches: flows/sec:  658  656  653  660  654  656  658  659  658  656  652  656  657  657  657  659   total = 10.505853 per ms 
17:56:39.140 16  switches: flows/sec:  638  632  636  640  635  636  642  639  639  641  640  648  643  640  636  638   total = 10.222990 per ms 
17:56:40.240 16  switches: flows/sec:  646  643  642  643  641  639  641  647  643  642  647  639  636  639  642  645   total = 10.274990 per ms 
17:56:41.340 16  switches: flows/sec:  652  646  647  645  648  646  646  649  645  646  644  644  647  645  648  649   total = 10.346928 per ms 
17:56:42.440 16  switches: flows/sec:  656  655  647  657  652  655  652  659  659  655  654  655  661  660  660  658   total = 10.494990 per ms 
17:56:43.541 16  switches: flows/sec:  647  649  647  649  650  652  645  651  648  652  655  656  650  651  649  650   total = 10.400990 per ms 
17:56:44.641 16  switches: flows/sec:  647  650  644  647  645  643  647  648  647  652  649  650  647  650  648  652   total = 10.365959 per ms 
17:56:45.741 16  switches: flows/sec:  646  644  643  647  644  647  650  647  652  650  647  652  645  654  643  649   total = 10.359979 per ms 
17:56:46.841 16  switches: flows/sec:  620  614  613  614  610  616  615  617  614  618  614  613  615  616  619  619   total = 9.846941 per ms 
17:56:47.941 16  switches: flows/sec:  630  629  627  624  630  623  626  627  627  632  626  630  625  632  628  628   total = 10.043980 per ms 
17:56:49.042 16  switches: flows/sec:  649  648  650  650  645  653  657  649  657  648  653  654  650  653  654  656   total = 10.425990 per ms 
17:56:50.142 16  switches: flows/sec:  653  648  652  648  650  649  650  651  653  651  649  653  655  657  654  656   total = 10.428990 per ms 
17:56:51.242 16  switches: flows/sec:  639  631  630  635  635  631  636  633  632  638  635  637  639  640  634  636   total = 10.160990 per ms 
17:56:52.342 16  switches: flows/sec:  628  630  628  634  630  636  635  636  627  631  634  638  632  635  633  634   total = 10.120990 per ms 
17:56:53.442 16  switches: flows/sec:  651  649  651  653  650  649  651  651  652  655  652  651  652  654  656  656   total = 10.432990 per ms 

RESULT: 16 switches 15 tests min/max/avg/stdev = 9846.94/10505.85/10295.57/178.77 responses/s
