19:02:20.945 16  switches: flows/sec:  0  0  5859  0  0  0  0  0  0  0  0  0  0  0  0  0   total = 5.858994 per ms 
19:02:22.045 16  switches: flows/sec:  2489  2489  2367  2652  2383  2569  2652  2579  2602  2600  2486  2372  2620  2716  2459  2459   total = 40.493838 per ms 
19:02:23.145 16  switches: flows/sec:  2659  2770  2668  2626  2454  2871  2581  2602  2634  2575  2723  2479  2792  2435  2461  2582   total = 41.911371 per ms 
19:02:24.245 16  switches: flows/sec:  2862  2740  2861  2904  2675  2884  2727  2803  2826  2733  2801  2929  2708  2812  3059  2760   total = 45.083594 per ms 
19:02:25.346 16  switches: flows/sec:  2642  2560  2514  2847  2517  2799  2675  2696  2724  2680  2484  2555  2679  2588  2734  2826   total = 42.519957 per ms 
19:02:26.446 16  switches: flows/sec:  2723  2467  2642  2737  2579  2646  2624  2631  2659  2613  2454  2583  2729  2426  2541  2527   total = 41.580958 per ms 
19:02:27.546 16  switches: flows/sec:  2674  2320  2523  2638  2753  2622  2725  2528  2637  2558  2570  2562  2747  2583  2537  2515   total = 41.491419 per ms 
19:02:28.646 16  switches: flows/sec:  2488  2666  2764  2748  2681  2734  2863  2609  2744  2641  2635  2828  2789  2510  2552  2688   total = 42.939914 per ms 
19:02:29.746 16  switches: flows/sec:  2767  2893  2612  2751  2801  2610  2798  2494  2418  2467  2626  2436  2669  2792  2851  2564   total = 42.548532 per ms 
19:02:30.847 16  switches: flows/sec:  2719  2830  2882  2720  2739  2747  2959  2662  2868  2808  2785  2955  2913  2948  2900  2659   total = 45.093955 per ms 
19:02:31.947 16  switches: flows/sec:  2648  2440  2700  2467  2326  2518  2341  2625  2556  2447  2481  2551  2516  2743  2564  2481   total = 40.403475 per ms 
19:02:33.047 16  switches: flows/sec:  2503  2667  2450  2498  2771  2579  2472  2502  2430  2406  2707  2559  2702  2385  2857  2735   total = 41.222547 per ms 
19:02:34.147 16  switches: flows/sec:  2460  2554  2681  2610  2482  2379  2813  2538  2582  2637  2809  2671  2468  2454  2777  2743   total = 41.657750 per ms 
19:02:35.247 16  switches: flows/sec:  2498  2647  2544  2598  2518  2552  2760  2613  2732  2491  2699  2711  2525  2631  2669  2475   total = 41.662500 per ms 
19:02:36.347 16  switches: flows/sec:  2903  2943  2965  2927  3171  2849  2682  2965  2819  2609  2760  3056  2735  2909  2723  2791   total = 45.806954 per ms 
19:02:37.447 16  switches: flows/sec:  2856  2871  2842  2984  2912  2940  2973  2933  2841  2952  2845  2818  2932  2629  2988  2989   total = 46.304907 per ms 

RESULT: 16 switches 12 tests min/max/avg/stdev = 40403.47/45093.95/42343.00/1382.95 responses/s
