17:58:25.153 16  switches: flows/sec:  0  0  0  0  0  0  0  0  0  0  0  0  0  0  0  0   total = 0.000000 per ms 
17:58:26.253 16  switches: flows/sec:  291  290  291  291  291  290  291  290  291  290  291  291  291  291  291  291   total = 4.651995 per ms 
17:58:27.353 16  switches: flows/sec:  311  311  311  310  310  310  310  310  310  310  311  310  310  311  310  310   total = 4.964995 per ms 
17:58:28.453 16  switches: flows/sec:  303  303  303  302  302  302  302  302  302  302  302  302  302  302  302  302   total = 4.834995 per ms 
17:58:29.553 16  switches: flows/sec:  307  306  307  307  307  306  306  306  307  306  307  306  307  307  306  307   total = 4.904995 per ms 
17:58:30.653 16  switches: flows/sec:  305  305  305  305  304  304  304  304  304  304  304  304  304  304  304  304   total = 4.867995 per ms 
17:58:31.754 16  switches: flows/sec:  307  306  307  306  306  306  306  306  306  306  307  306  306  306  306  306   total = 4.898995 per ms 
17:58:32.854 16  switches: flows/sec:  313  313  314  313  313  312  312  312  313  312  313  313  313  313  313  313   total = 5.004995 per ms 
17:58:33.954 16  switches: flows/sec:  316  316  317  316  316  316  316  315  316  315  316  316  316  316  316  316   total = 5.054995 per ms 
17:58:35.054 16  switches: flows/sec:  310  310  311  309  309  309  309  309  309  309  310  309  309  309  309  309   total = 4.948995 per ms 
17:58:36.155 16  switches: flows/sec:  307  307  308  307  306  306  306  306  307  306  307  306  307  307  306  307   total = 4.905995 per ms 
17:58:37.255 16  switches: flows/sec:  316  316  317  316  316  315  315  315  316  315  316  315  316  316  316  316   total = 5.051995 per ms 
17:58:38.355 16  switches: flows/sec:  316  316  317  317  316  315  315  315  316  315  316  315  316  316  315  316   total = 5.051995 per ms 
17:58:39.455 16  switches: flows/sec:  316  316  316  315  316  315  315  315  316  315  316  315  316  316  315  316   total = 5.048970 per ms 
17:58:40.555 16  switches: flows/sec:  309  309  310  309  309  308  308  308  309  308  309  309  309  309  309  309   total = 4.940995 per ms 
17:58:41.656 16  switches: flows/sec:  308  308  308  307  307  307  307  306  307  307  307  307  307  307  307  307   total = 4.913995 per ms 


RESULT: 16 switches 15 tests min/max/avg/stdev = 4652.00/5054.99/4936.46/102.90 responses/s
