18:13:41.485 16  switches: flows/sec:  36614  36708  36708  36708  36717  36708  36732  36708  36684  36708  36608  36697  36539  36506  36508  36558   total = 586.409241 per ms 
18:13:42.591 16  switches: flows/sec:  171335  171389  171408  171384  171384  171413  171389  171384  171377  171386  171285  171195  171234  171233  171234  171259   total = 2741.247881 per ms 
18:13:43.693 16  switches: flows/sec:  201057  201069  201082  201107  201098  201103  201196  201094  201055  200955  200952  200992  200872  200854  200855  200868   total = 3216.186487 per ms 
18:13:44.798 16  switches: flows/sec:  203348  203253  203210  203188  203188  203155  203194  203052  203058  203014  203082  203103  202955  202855  202824  202765   total = 3249.188764 per ms 
18:13:45.902 16  switches: flows/sec:  197306  197261  197270  197319  197289  197259  197219  198204  197160  197060  197055  196991  196937  196895  196860  196818   total = 3154.896690 per ms 
18:13:47.004 16  switches: flows/sec:  198156  198157  198157  198114  198144  198127  198107  198059  198059  198068  198107  198111  198126  198097  198082  198060   total = 3169.509134 per ms 
18:13:48.109 16  switches: flows/sec:  206699  206652  206552  206519  206455  206399  206350  206204  206150  206116  206035  205920  205850  205753  205744  205651   total = 3298.992917 per ms 
18:13:49.216 16  switches: flows/sec:  205752  205650  205549  205481  205395  205325  205249  205114  204958  204935  204801  204741  204661  204551  204451  204386   total = 3280.992438 per ms 
18:13:50.322 16  switches: flows/sec:  208099  207990  207947  207849  207833  207711  207643  207461  207399  207325  207249  207149  207048  207084  206966  206848   total = 3319.574443 per ms 
18:13:51.428 16  switches: flows/sec:  197962  197864  197761  197708  197651  197595  197515  197458  197359  197298  197258  197139  197154  197034  196858  196817   total = 3158.408891 per ms 
18:13:52.535 16  switches: flows/sec:  198888  198839  198757  198671  198556  198639  198557  198543  198513  199901  198518  198429  198228  198175  198076  198040   total = 3177.269632 per ms 
18:13:53.647 16  switches: flows/sec:  207049  206995  206767  206685  206548  206349  206255  206150  206079  205851  205704  205513  205342  205201  205050  204851   total = 3296.323074 per ms 
18:13:54.756 16  switches: flows/sec:  209059  209052  208947  208814  208697  208547  208388  208310  208105  207997  207880  207797  207649  207496  207439  207270   total = 3331.330403 per ms 
18:13:55.871 16  switches: flows/sec:  205451  205224  205137  205140  204857  204263  205101  205051  204757  204052  204657  205092  204697  204633  204377  204056   total = 3276.535170 per ms 
18:13:56.980 16  switches: flows/sec:  197360  197359  197347  197303  197259  197271  197258  197268  197270  197256  197306  197330  197374  197299  197190  196994   total = 3156.434531 per ms 
18:13:58.093 16  switches: flows/sec:  188231  188267  188167  186610  188244  188167  188051  188057  188067  188002  187769  187569  187372  187203  187069  186864   total = 3003.651931 per ms 


RESULT: 16 switches 12 tests min/max/avg/stdev = 3154896.69/3331330.40/3244100.67/62977.81 responses/s
