19:03:17.758 16  switches: flows/sec:  0  0  0  0  0  0  0  0  0  0  0  0  0  0  0  0   total = 0.000000 per ms 
19:03:18.859 16  switches: flows/sec:  0  0  26  0  0  0  0  19  0  0  0  0  0  0  0  0   total = 0.044975 per ms 
19:03:19.961 16  switches: flows/sec:  3909  3284  1657  585  0  1073  883  2009  1499  4052  1597  0  0  1358  0  0   total = 21.881668 per ms 
19:03:21.063 16  switches: flows/sec:  4052  2614  5565  3855  3739  4052  4631  3780  4052  4052  4759  0  4052  4052  4811  4052   total = 62.081682 per ms 
19:03:22.164 16  switches: flows/sec:  4052  6311  4052  4461  3746  4052  5478  6389  4052  4052  4052  0  4052  4052  5622  4052   total = 68.405500 per ms 
19:03:23.266 16  switches: flows/sec:  4052  4052  4052  4052  4053  5533  4052  4052  2640  1906  3182  0  4053  5942  4052  6709   total = 62.308725 per ms 
19:03:24.370 16  switches: flows/sec:  4052  87  6547  1765  3298  4053  1889  4421  4052  4052  4052  0  4052  4052  1048  4052   total = 51.344307 per ms 
19:03:25.470 16  switches: flows/sec:  4052  5797  4052  4052  4126  4169  3019  4446  4052  4052  4052  0  4052  4052  5639  4052   total = 63.649424 per ms 
19:03:26.573 16  switches: flows/sec:  6833  4052  4052  4052  3877  4052  4052  4052  5424  2156  2102  0  4052  4231  4052  4052   total = 61.009187 per ms 
19:03:27.680 16  switches: flows/sec:  4323  7220  6606  3800  4126  3633  3800  3800  2646  6715  6295  7053  3140  3699  6123  5546   total = 78.056194 per ms 
19:03:28.782 16  switches: flows/sec:  3800  6899  7175  7299  1121  3800  6998  6348  3800  828  3800  758  3801  1605  7185  3800   total = 68.949981 per ms 
19:03:29.883 16  switches: flows/sec:  2910  3800  3800  3800  1945  4686  3800  3800  6538  1682  3642  3094  5833  3271  3800  6600   total = 62.977698 per ms 
19:03:30.985 16  switches: flows/sec:  4572  7149  4787  5769  4089  3800  5515  3775  4175  3893  4476  3800  3943  3800  6131  3800   total = 73.407566 per ms 
19:03:32.087 16  switches: flows/sec:  1849  3800  3800  3800  3393  4171  3800  3801  4139  3800  3800  3627  3191  5588  3800  4795   total = 61.096752 per ms 
19:03:33.189 16  switches: flows/sec:  3800  5939  5502  6261  3800  3800  4492  5740  3801  3800  3800  3800  3800  3800  6545  3800   total = 72.450875 per ms 
19:03:34.291 16  switches: flows/sec:  5225  3800  3801  3800  5893  6630  3800  3800  5373  3801  2733  4219  6119  6537  3800  3980   total = 73.215161 per ms 

RESULT: 16 switches 12 tests min/max/avg/stdev = 21881.67/78056.19/61264.06/13538.12 responses/s
