17:59:49.757 16  switches: flows/sec:  0  0  0  0  0  0  0  0  0  0  0  0  0  0  0  0   total = 0.000000 per ms 
17:59:50.862 16  switches: flows/sec:  1336  1331  0  1269  0  0  0  0  0  0  0  0  0  0  0  0   total = 3.916967 per ms 
17:59:51.962 16  switches: flows/sec:  1271  1232  348  1269  298  248  248  198  198  173  123  98  98  48  48  797   total = 6.694692 per ms 
17:59:53.063 16  switches: flows/sec:  525  525  525  549  524  524  524  524  524  524  504  524  539  524  524  524   total = 8.406159 per ms 
17:59:54.163 16  switches: flows/sec:  524  549  524  524  524  524  524  525  525  525  525  525  550  528  525  525   total = 8.445679 per ms 
17:59:55.264 16  switches: flows/sec:  550  525  525  550  549  545  525  525  525  525  524  503  503  524  549  524   total = 8.470246 per ms 
17:59:56.364 16  switches: flows/sec:  549  524  524  549  549  549  549  524  549  524  548  524  544  524  571  549   total = 8.649914 per ms 
17:59:57.464 16  switches: flows/sec:  540  525  525  550  550  525  550  504  550  525  525  525  541  525  550  525   total = 8.534599 per ms 
17:59:58.565 16  switches: flows/sec:  524  524  508  524  524  524  524  524  524  524  545  524  546  524  524  524   total = 8.404159 per ms 
17:59:59.666 16  switches: flows/sec:  499  524  521  520  500  500  500  525  500  500  525  523  500  525  500  523   total = 8.184681 per ms 
18:00:00.766 16  switches: flows/sec:  550  547  525  525  525  549  524  524  524  524  524  524  524  524  526  549   total = 8.486990 per ms 
18:00:01.867 16  switches: flows/sec:  524  524  546  549  549  524  546  524  524  524  525  525  525  525  541  525   total = 8.499091 per ms 
18:00:02.967 16  switches: flows/sec:  525  525  525  525  525  525  525  525  525  525  525  525  524  524  524  524   total = 8.395295 per ms 
18:00:04.067 16  switches: flows/sec:  524  525  524  524  524  549  524  524  524  524  524  524  524  524  524  549   total = 8.434106 per ms 
18:00:05.168 16  switches: flows/sec:  525  525  525  526  550  525  550  525  550  525  525  525  525  525  525  525   total = 8.475636 per ms 
18:00:06.268 16  switches: flows/sec:  532  524  549  549  549  524  549  524  549  549  524  524  549  524  549  524   total = 8.591235 per ms 
RESULT: 16 switches 15 tests min/max/avg/stdev = 3916.97/8649.91/8039.30/1190.21 responses/s
